0 0.0 304.375
0 57.5028724142538 289.0864613988522
0 73.04470015268652 176.34550576809187
0 83.12719611555798 124.40864074076833
0 88.12318260537347 88.12318260537349
0 91.46165735327997 61.11272563215625
0 89.15437488733917 36.92895122323117
0 87.53508627598832 17.411811239939453
0 86.125 5.2736352788282894e-15
0 83.97973963452661 -16.704608822630977
0 82.68721815976016 -34.250167196675534
0 80.44468499027126 -53.75142004464649
0 63.28605691619601 -63.286056916195996
0 40.209395614793706 -60.17761319039672
0 24.10905623900066 -58.204410548211065
0 12.729643511552391 -63.99623954631078
0 1.1037129277315521e-14 -90.125
0 -18.387262850020097 -92.43901267800447
0 -38.22050780746333 -92.27246830956477
0 -63.61279168074442 -95.20327060864146
0 -87.85801756242853 -87.85801756242854
0 -117.13328163312106 -78.26595657663646
0 -161.67891818947513 -66.96960066389082
0 -174.7023780718254 -34.75046360912292
0 -214.0 -3.931116225263003e-14
0 -233.91728937617046 46.5290418008466
0 -220.8072082701975 91.46134033525651
0 -206.3083975525691 137.8508640679887
0 -186.58780188560027 186.5878018856002
0 -163.47654106601794 244.65993342002395
0 -133.5086824663709 322.3184719048751
0 -71.81762479218739 361.0515813484392
50 0.0 314.5
50 59.063594990382825 296.93274364207804
50 68.69167610953362 165.83637608577598
50 78.54374169314626 117.54901643927234
50 86.44380400005542 86.44380400005544
50 90.83805514405307 60.69604795739155
50 90.07825441985045 37.31163465559626
50 89.61925499684519 17.826378174223727
50 87.375 5.350175703775e-15
50 85.32831939508105 -16.97285801540315
50 82.80270310132407 -34.29800262572117
50 77.43060764567454 -51.73747794995043
50 55.94982406138558 -55.94982406138557
50 34.93147840110748 -52.27865187352254
50 20.569234489623582 -49.658524872481664
50 9.681357230050383 -48.67146954001031
50 9.843098648146852e-15 -80.375
50 -16.58267737137091 -83.36674883427459
50 -35.589559209953336 -85.92079652354968
50 -58.82099842095036 -88.031845202532
50 -82.02438661763951 -82.02438661763954
50 -107.77924849471742 -72.01579145516594
50 -155.21176146189615 -64.29081663733518
50 -172.98600383111975 -34.40905554559469
50 -195.25 -3.5866843130028104e-14
50 -237.59523417768258 47.26063050840708
50 -224.27175651711482 92.89640320662559
50 -208.80280638947673 139.5175747670475
50 -192.68659787333425 192.68659787333416
50 -171.67120200305706 256.9241102014865
50 -140.8753385393989 340.10315290571737
50 -73.5002788195765 369.510854391917
100 0.0 323.0
100 43.06618858506031 216.50835064901312
100 64.19514577924382 154.98079157876836
100 73.54360959596984 110.06578992854942
100 82.55471670352942 82.55471670352942
100 85.01776785793525 56.80705632625433
100 88.80792006264744 36.78544493609426
100 89.49665683679477 17.80199188397171
100 88.375 5.411408043732367e-15
100 87.65768443603872 -17.436197530191457
100 85.45885675729403 -35.3982174937708
100 68.28444191034653 -45.62620538673481
100 42.51479521884117 -42.514795218841165
100 25.278445602391898 -37.831867359765816
100 15.25950186555796 -36.83969635888756
100 12.461394318780215 -62.647659785756346
100 8.939921633775678e-15 -73.0
100 -14.339138668185434 -72.08771810963744
100 -30.088484869705177 -72.64002824369993
100 -48.61239538921517 -72.75359107647273
100 -70.5339014233581 -70.53390142335813
100 -92.1891932640447 -61.59884958604839
100 -128.18828513594102 -53.09732624065629
100 -163.79114182733946 -32.580083776693485
100 -170.125 -3.125145550574152e-14
100 -227.29698873344864 45.21218212723773
100 -218.49750943891928 90.50463175434379
100 -204.0218561187371 136.3230459271848
100 -187.2065203191385 187.2065203191384
100 -166.1849459519885 248.71334777999886
100 -138.43573165807146 334.2134208859579
100 -74.62204817116924 375.1503697542356
150 0.0 321.5
150 59.45377563441508 298.89431420288446
150 62.80791833692036 151.63172827341495
150 73.96028727073454 110.68939213777634
150 81.49405653174959 81.4940565317496
150 84.49809935024616 56.45982493061708
150 86.38273628980531 35.7809009261359
150 86.30910467548428 17.167948337419293
150 84.75 5.189440811386909e-15
150 82.99895435412337 -16.50951850061485
150 82.1097934519406 -34.01099005144735
150 71.61032035955672 -47.848486318813215
150 45.69677573418064 -45.696775734180626
150 29.723007466548715 -44.483624258186175
150 15.690020726968685 -37.87906083296276
150 10.827512871895138 -54.43358306237929
150 9.261391418551858e-15 -75.625
150 -15.241431407510028 -76.62385003150237
150 -31.33220602489172 -75.64263672436161
150 -48.89018050572497 -73.169325882624
150 -73.3623285481043 -73.36232854810432
150 -94.57966839941452 -63.196114005979744
150 -128.65022490219664 -53.28866795683883
150 -169.92104982985964 -33.79939828929429
150 -177.0 -3.2514372517362226e-14
150 -233.42689673596885 46.431496639838535
150 -223.23239204303962 92.46588434521487
150 -208.69887268793892 139.44812848792006
150 -190.83044257271956 190.83044257271948
150 -169.31002851272376 253.39036434920067
150 -138.81841509043653 335.1373004184692
150 -74.96345623469746 376.86674399494126
200 0.0 323.625
200 46.89483615462683 235.75626177692652
200 61.22934917841437 147.82072520180589
200 75.34921285328355 112.7680661685327
200 81.49405653174959 81.4940565317496
200 82.62729272256543 55.20979190632298
200 85.1124019326023 35.2547112066339
200 85.20572123503064 16.948471725151148
200 84.0 5.143516556418883e-15
200 81.77297275361934 -16.26565559809469
200 79.9155795622263 -33.10211689958026
200 72.12998886724581 -48.19571771445047
200 50.38135815954151 -50.381358159541506
200 31.736949561244774 -47.497701602782904
200 17.316425314520316 -41.80554884613572
200 7.559749978124984 -38.00542961562518
200 9.154234823626465e-15 -74.75
200 -14.778091892721724 -74.2944849905447
200 -31.045193450617898 -74.94972707497814
200 -48.26516399357792 -72.23392256878364
200 -71.32939655219297 -71.329396552193
200 -92.29312696558252 -61.66829586517584
200 -120.45079405115898 -49.892352494598654
200 -167.59168478890197 -33.336058774505986
200 -174.75 -3.210105422264999e-14
200 -226.92919425329745 45.139023256481686
200 -222.53948239365616 92.17887177094106
200 -206.82806606025818 138.19809546362595
200 -188.17879214327002 188.1787921432699
200 -164.2404501364199 245.80320413693994
200 -134.32188476014673 324.28171591146156
200 -74.76836591268133 375.885958714538
250 0.0 321.875
250 60.77063530802395 305.5146148456063
250 65.86938579584108 159.02276453350524
250 74.79364262026394 111.93659655623016
250 80.69856140291473 80.69856140291475
250 82.83516012564107 55.34868446457788
250 84.65046216634664 35.06336949045136
250 84.34753411467781 16.777767693387037
250 82.375 5.044014003988161e-15
250 79.56620587271208 -15.8267023735584
250 77.37491084782026 -32.04973746057627
250 70.9867181503298 -47.431808644048516
250 51.88396006956293 -51.88396006956292
250 31.598057002989872 -47.289834199707265
250 17.077248169292137 -41.22812413831617
250 6.657457238800389 -33.46929769376024
250 8.71030035893555e-15 -71.125
250 -14.314752377933418 -71.96511994958703
250 -29.89714315352263 -72.17808847744429
250 -46.667899573646565 -69.84344743341381
250 -69.5616295992266 -69.56162959922663
250 -90.21445293482616 -60.279370282626836
250 -115.60042650547473 -47.88326447468193
250 -167.7142829489524 -33.360445064758004
250 -176.625 -3.2445486134910186e-14
250 -216.75354696911393 43.11496116556435
250 -224.38724145867874 92.94423863567124
250 -207.0359334633338 138.33698802188087
250 -189.32784066269815 189.32784066269807
250 -165.9071608354787 248.29761297384758
250 -137.3355167900218 331.55726722998793
250 -75.06100139570553 377.35713663514287
300 0.0 320.75
300 60.20975063222758 302.694857164447
300 60.463982313684184 145.9729661367833
300 69.72406424396007 104.34943634396943
300 75.21848384871899 75.218483848719
300 76.7030717349098 51.25135399605831
300 80.26203438691803 33.24562318671718
300 79.44360771266166 15.802316083306394
300 78.5 4.806738686653362e-15
300 77.11424267170399 -15.33897656851808
300 75.75812166592551 -31.38004145393736
300 70.3631159411029 -47.01513096928382
300 51.35362998367302 -51.35362998367301
300 32.29251979426438 -48.329171215085445
300 18.27313389543304 -44.11524767741394
300 7.315887075604823 -36.77944801512114
300 8.832765038850285e-15 -72.125
300 -14.583001570705594 -73.31369971014148
300 -30.375497443978993 -73.3329378930834
300 -47.848486318813215 -71.61032035955672
300 -71.85972663808289 -71.8597266380829
300 -93.12459657788507 -62.223866098195444
300 -120.56627899272289 -49.94018792364429
300 -173.23120015122055 -34.457828126098725
300 -181.0 -3.324916059685064e-14
300 -229.1359611342047 45.57797648101798
300 -225.88854569900957 93.56609921326451
300 -209.8421434048549 140.212037558322
300 -191.89110274449936 191.89110274449928
300 -167.7127640927924 250.99988921383084
300 -139.4402756680298 336.63860465880003
300 -74.37818526864908 373.92438815373157
350 0.0 319.75
350 58.722186926854604 295.21636940137233
350 60.750994887958 146.66587578616677
350 70.62686587261693 105.70057446396106
350 77.6933575828719 77.69335758287191
350 77.63847504875017 51.87637050820536
350 81.0704289778654 33.58047119003663
350 81.03738379331692 16.119337856582604
350 80.75 4.944511451557439e-15
350 77.60463531190561 -15.436521729526143
350 74.94972707497814 -31.045193450617905
350 70.46704964264072 -47.084577248411264
350 54.6239988466608 -54.62399884666079
350 34.098123051578085 -51.03144745506872
350 19.94737391203031 -48.157220632150825
350 8.242566105181433 -41.438178097036484
350 7.332572709894778e-15 -59.875
350 -14.60738786095761 -73.43629787019188
350 -30.5190037311159 -73.67939271777513
350 -47.640147481430866 -71.29851925494327
350 -71.15261985689634 -71.15261985689637
350 -93.3324639809607 -62.362758656450346
350 -118.14109521988077 -48.93564391368593
350 -168.5724700693052 -33.531149096522114
350 -180.125 -3.3088425704462545e-14
350 -213.32079848770263 42.432145038507905
350 -228.54469935497954 94.66631408131414
350 -210.4657456140818 140.62871523308672
350 -190.123335791533 190.12333579153292
350 -166.53217734762575 249.23301628768795
350 -141.68854083317473 342.06639691230384
350 -74.52450301016117 374.659977114034
